1 1 1 1 1 1
248 14 -8 -2 3 1
4123 64 27 -2 7 2
27000 -27 120 0 1 -1
27000 -27 120 0 1 -1
30628 91 -92 3 3 0
30875 104 155 0 5 0
61256 182 72 6 6 0
85995 0 -21 -5 0 0
85995 0 -21 -5 0 0
147250 181 50 0 5 -1
767637 0 405 12 3 0
767637 0 405 12 3 0
779247 -189 -273 -3 0 1
779247 -189 -273 -3 0 1
957125 650 -315 0 8 0
1707264 0 -768 14 6 0
1707264 0 -768 14 6 0
2450240 832 832 -10 -5 0
2572752 624 -1072 2 7 0
3376737 819 609 -13 0 0
4096000 64 0 0 -8 -1
4096000 64 0 0 -8 -1
4123000 118 120 0 -7 -2
4881384 729 1512 9 4 1
4936750 637 -210 0 0 0
6669000 -351 -1080 0 2 0
6669000 -351 -1080 0 2 0
6669000 -378 -960 0 3 -1
6669000 -378 -960 0 3 -1
10822875 924 -805 0 0 -2
11577384 351 552 9 7 0
16539120 0 2544 -5 3 0
18154500 -273 1540 0 0 0
21326760 0 168 10 0 0
21326760 0 168 10 0 0
28861000 1078 840 0 0 -1
30507008 896 0 8 0 -1
40199250 -78 3410 0 -7 0
44330496 168 3584 -4 0 2
51684750 0 2190 0 -9 0
72925515 0 -2997 15 -9 0
76271625 729 -2295 0 -11 1
77376000 1560 2560 0 2 0
81153009 -729 -783 9 -7 2
91171899 0 315 24 0 0
111321000 -1728 3240 0 -7 -2
190373976 0 -3240 -24 9 0